Confusion Matrix:
X-Axis: Predicted labels (0-9)
Y-Axis: Actual labels (0-9)

          0     1     2     3     4     5     6     7     8     9  │ Class Acc.
   ┌──────────────────────────────────────────────────────────────┐
 0 │   962     0     3     0     1     3     6     2     3     0  │   98.2%
 1 │     0  1124     2     3     0     0     3     0     3     0  │   99.0%
 2 │     5     1   967     9     5     3     5    15    20     2  │   93.7%
 3 │     0     0    17   944     1    12     0    10    21     5  │   93.5%
 4 │     0     0     2     0   917     0    11     4     9    39  │   93.4%
 5 │     4     2     2    31     1   806     7     3    27     9  │   90.4%
 6 │    10     2     5     0    12    12   911     1     5     0  │   95.1%
 7 │     2     6    20     4     2     0     0   968     4    22  │   94.2%
 8 │     8     0     4    17     4     3     3     4   920    11  │   94.5%
 9 │    10     3     1    12    12     3     2    15    10   941  │   93.3%
   └──────────────────────────────────────────────────────────────┘
Acc│  96.1  98.8  94.5  92.5  96.0  95.7  96.1  94.7  90.0  91.4% │

Overall Accuracy: 94.60%
Total samples: 10000