Confusion Matrix:
X-Axis: Predicted labels (0-9)
Y-Axis: Actual labels (0-9)

          0     1     2     3     4     5     6     7     8     9  │ Class Acc.
   ┌──────────────────────────────────────────────────────────────┐
 0 │   963     0     0     0     1     4     5     1     4     2  │   98.3%
 1 │     0  1128     3     1     0     0     2     0     1     0  │   99.4%
 2 │     2     1  1010     6     2     0     3     7     1     0  │   97.9%
 3 │     0     0     5   983     0     5     0     6     8     3  │   97.3%
 4 │     2     1     6     0   959     0     2     2     0    10  │   97.7%
 5 │     2     0     0    10     1   861     6     1     9     2  │   96.5%
 6 │     2     2     2     0     4     5   938     1     4     0  │   97.9%
 7 │     2     7     9     2     1     0     1   997     2     7  │   97.0%
 8 │     1     0     3     3     1     3     1     2   960     0  │   98.6%
 9 │     3     5     1     8     9     0     2     5     8   968  │   95.9%
   └──────────────────────────────────────────────────────────────┘
Acc│  98.6  98.6  97.2  97.0  98.1  98.1  97.7  97.6  96.3  97.6% │

Overall Accuracy: 97.67%
Total samples: 10000